10645;571;572;1;Utszakasz
10646;571;572;0;Utszakasz
10647;571;573;1;Utszakasz
10648;571;573;0;Utszakasz
10649;571;574;2;Utszakasz
10650;571;574;0;Utszakasz
10651;571;575;1;Alagut
10652;571;575;0;Utszakasz
10653;571;576;2;Utszakasz
10654;571;576;0;Utszakasz
10655;571;577;1;Hid
10656;571;577;0;Utszakasz
10657;571;578;1;Utszakasz
10658;571;578;0;Utszakasz
10659;571;579;3;Utszakasz
10660;571;579;0;Utszakasz
10661;571;580;1;Alagut
10662;571;580;0;Utszakasz
10663;571;581;1;Alagut
10664;571;581;0;Utszakasz
10665;571;582;2;Utszakasz
10666;571;582;0;Utszakasz
10667;571;583;1;Utszakasz
10668;571;583;0;Utszakasz
10669;571;584;1;Utszakasz
10670;571;584;0;Utszakasz
10671;571;585;1;Hid
10672;571;585;0;Utszakasz
10673;571;586;1;Utszakasz
10674;571;586;0;Utszakasz
10675;571;587;1;Alagut
10676;571;587;0;Utszakasz
10677;571;588;1;Utszakasz
10678;571;588;0;Utszakasz
10679;571;589;2;Utszakasz
10680;571;589;0;Utszakasz
10681;571;590;1;Hid
10682;571;590;0;Utszakasz
10683;572;573;3;Utszakasz
10684;572;573;0;Utszakasz
10685;572;574;1;Utszakasz
10686;572;574;0;Utszakasz
10687;572;575;1;Utszakasz
10688;572;575;0;Utszakasz
10689;572;576;1;Utszakasz
10690;572;576;0;Utszakasz
10691;572;577;1;Utszakasz
10692;572;577;0;Utszakasz
10693;572;578;1;Utszakasz
10694;572;578;0;Utszakasz
10695;572;579;2;Utszakasz
10696;572;579;0;Utszakasz
10697;572;580;3;Utszakasz
10698;572;580;0;Utszakasz
10699;572;581;1;Utszakasz
10700;572;581;0;Utszakasz
10701;572;582;1;Hid
10702;572;582;0;Utszakasz
10703;572;583;1;Utszakasz
10704;572;583;0;Utszakasz
10705;572;584;2;Utszakasz
10706;572;584;0;Utszakasz
10707;572;585;3;Utszakasz
10708;572;585;0;Utszakasz
10709;572;586;2;Utszakasz
10710;572;586;0;Utszakasz
10711;572;587;3;Utszakasz
10712;572;587;0;Utszakasz
10713;572;588;1;Utszakasz
10714;572;588;0;Utszakasz
10715;572;589;1;Hid
10716;572;589;0;Utszakasz
10717;572;590;1;Utszakasz
10718;572;590;0;Utszakasz
10719;573;574;1;Utszakasz
10720;573;574;0;Utszakasz
10721;573;575;1;Hid
10722;573;575;0;Utszakasz
10723;573;576;1;Utszakasz
10724;573;576;0;Utszakasz
10725;573;577;2;Utszakasz
10726;573;577;0;Utszakasz
10727;573;578;1;Utszakasz
10728;573;578;0;Utszakasz
10729;573;579;1;Utszakasz
10730;573;579;0;Utszakasz
10731;573;580;1;Alagut
10732;573;580;0;Utszakasz
10733;573;581;1;Utszakasz
10734;573;581;0;Utszakasz
10735;573;582;1;Utszakasz
10736;573;582;0;Utszakasz
10737;573;583;1;Alagut
10738;573;583;0;Utszakasz
10739;573;584;1;Hid
10740;573;584;0;Utszakasz
10741;573;585;1;Utszakasz
10742;573;585;0;Utszakasz
10743;573;586;1;Utszakasz
10744;573;586;0;Utszakasz
10745;573;587;2;Utszakasz
10746;573;587;0;Utszakasz
10747;573;588;1;Utszakasz
10748;573;588;0;Utszakasz
10749;573;589;2;Utszakasz
10750;573;589;0;Utszakasz
10751;573;590;1;Utszakasz
10752;573;590;0;Utszakasz
10753;574;575;1;Utszakasz
10754;574;575;0;Utszakasz
10755;574;576;3;Utszakasz
10756;574;576;0;Utszakasz
10757;574;577;1;Utszakasz
10758;574;577;0;Utszakasz
10759;574;578;2;Utszakasz
10760;574;578;0;Utszakasz
10761;574;579;2;Utszakasz
10762;574;579;0;Utszakasz
10763;574;580;2;Utszakasz
10764;574;580;0;Utszakasz
10765;574;581;1;Utszakasz
10766;574;581;0;Utszakasz
10767;574;582;2;Utszakasz
10768;574;582;0;Utszakasz
10769;574;583;1;Utszakasz
10770;574;583;0;Utszakasz
10771;574;584;1;Hid
10772;574;584;0;Utszakasz
10773;574;585;2;Utszakasz
10774;574;585;0;Utszakasz
10775;574;586;1;Alagut
10776;574;586;0;Utszakasz
10777;574;587;1;Utszakasz
10778;574;587;0;Utszakasz
10779;574;588;2;Utszakasz
10780;574;588;0;Utszakasz
10781;574;589;1;Alagut
10782;574;589;0;Utszakasz
10783;574;590;1;Utszakasz
10784;574;590;0;Utszakasz
10785;575;576;1;Utszakasz
10786;575;576;0;Utszakasz
10787;575;577;3;Utszakasz
10788;575;577;0;Utszakasz
10789;575;578;1;Utszakasz
10790;575;578;0;Utszakasz
10791;575;579;1;Utszakasz
10792;575;579;0;Utszakasz
10793;575;580;2;Utszakasz
10794;575;580;0;Utszakasz
10795;575;581;1;Utszakasz
10796;575;581;0;Utszakasz
10797;575;582;3;Utszakasz
10798;575;582;0;Utszakasz
10799;575;583;2;Utszakasz
10800;575;583;0;Utszakasz
10801;575;584;1;Alagut
10802;575;584;0;Utszakasz
10803;575;585;1;Utszakasz
10804;575;585;0;Utszakasz
10805;575;586;1;Hid
10806;575;586;0;Utszakasz
10807;575;587;1;Utszakasz
10808;575;587;0;Utszakasz
10809;575;588;1;Utszakasz
10810;575;588;0;Utszakasz
10811;575;589;1;Alagut
10812;575;589;0;Utszakasz
10813;575;590;1;Utszakasz
10814;575;590;0;Utszakasz
10815;576;577;2;Utszakasz
10816;576;577;0;Utszakasz
10817;576;578;1;Utszakasz
10818;576;578;0;Utszakasz
10819;576;579;1;Utszakasz
10820;576;579;0;Utszakasz
10821;576;580;3;Utszakasz
10822;576;580;0;Utszakasz
10823;576;581;1;Utszakasz
10824;576;581;0;Utszakasz
10825;576;582;1;Utszakasz
10826;576;582;0;Utszakasz
10827;576;583;3;Utszakasz
10828;576;583;0;Utszakasz
10829;576;584;1;Alagut
10830;576;584;0;Utszakasz
10831;576;585;1;Utszakasz
10832;576;585;0;Utszakasz
10833;576;586;3;Utszakasz
10834;576;586;0;Utszakasz
10835;576;587;1;Utszakasz
10836;576;587;0;Utszakasz
10837;576;588;2;Utszakasz
10838;576;588;0;Utszakasz
10839;576;589;3;Utszakasz
10840;576;589;0;Utszakasz
10841;576;590;1;Utszakasz
10842;576;590;0;Utszakasz
10843;577;578;1;Utszakasz
10844;577;578;0;Utszakasz
10845;577;579;1;Utszakasz
10846;577;579;0;Utszakasz
10847;577;580;1;Utszakasz
10848;577;580;0;Utszakasz
10849;577;581;1;Utszakasz
10850;577;581;0;Utszakasz
10851;577;582;1;Utszakasz
10852;577;582;0;Utszakasz
10853;577;583;1;Alagut
10854;577;583;0;Utszakasz
10855;577;584;1;Utszakasz
10856;577;584;0;Utszakasz
10857;577;585;2;Utszakasz
10858;577;585;0;Utszakasz
10859;577;586;2;Utszakasz
10860;577;586;0;Utszakasz
10861;577;587;1;Utszakasz
10862;577;587;0;Utszakasz
10863;577;588;1;Utszakasz
10864;577;588;0;Utszakasz
10865;577;589;1;Utszakasz
10866;577;589;0;Utszakasz
10867;577;590;1;Utszakasz
10868;577;590;0;Utszakasz
10869;578;579;3;Utszakasz
10870;578;579;0;Utszakasz
10871;578;580;1;Alagut
10872;578;580;0;Utszakasz
10873;578;581;1;Utszakasz
10874;578;581;0;Utszakasz
10875;578;582;1;Utszakasz
10876;578;582;0;Utszakasz
10877;578;583;3;Utszakasz
10878;578;583;0;Utszakasz
10879;578;584;1;Utszakasz
10880;578;584;0;Utszakasz
10881;578;585;1;Hid
10882;578;585;0;Utszakasz
10883;578;586;1;Utszakasz
10884;578;586;0;Utszakasz
10885;578;587;2;Utszakasz
10886;578;587;0;Utszakasz
10887;578;588;2;Utszakasz
10888;578;588;0;Utszakasz
10889;578;589;1;Alagut
10890;578;589;0;Utszakasz
10891;578;590;1;Utszakasz
10892;578;590;0;Utszakasz
10893;579;580;2;Utszakasz
10894;579;580;0;Utszakasz
10895;579;581;1;Utszakasz
10896;579;581;0;Utszakasz
10897;579;582;3;Utszakasz
10898;579;582;0;Utszakasz
10899;579;583;1;Utszakasz
10900;579;583;0;Utszakasz
10901;579;584;1;Utszakasz
10902;579;584;0;Utszakasz
10903;579;585;2;Utszakasz
10904;579;585;0;Utszakasz
10905;579;586;1;Hid
10906;579;586;0;Utszakasz
10907;579;587;1;Hid
10908;579;587;0;Utszakasz
10909;579;588;1;Utszakasz
10910;579;588;0;Utszakasz
10911;579;589;1;Alagut
10912;579;589;0;Utszakasz
10913;579;590;2;Utszakasz
10914;579;590;0;Utszakasz
10915;580;581;2;Utszakasz
10916;580;581;0;Utszakasz
10917;580;582;1;Utszakasz
10918;580;582;0;Utszakasz
10919;580;583;3;Utszakasz
10920;580;583;0;Utszakasz
10921;580;584;2;Utszakasz
10922;580;584;0;Utszakasz
10923;580;585;1;Utszakasz
10924;580;585;0;Utszakasz
10925;580;586;1;Utszakasz
10926;580;586;0;Utszakasz
10927;580;587;1;Utszakasz
10928;580;587;0;Utszakasz
10929;580;588;1;Hid
10930;580;588;0;Utszakasz
10931;580;589;1;Hid
10932;580;589;0;Utszakasz
10933;580;590;1;Utszakasz
10934;580;590;0;Utszakasz
10935;581;582;3;Utszakasz
10936;581;582;0;Utszakasz
10937;581;583;1;Alagut
10938;581;583;0;Utszakasz
10939;581;584;1;Hid
10940;581;584;0;Utszakasz
10941;581;585;1;Utszakasz
10942;581;585;0;Utszakasz
10943;581;586;2;Utszakasz
10944;581;586;0;Utszakasz
10945;581;587;1;Utszakasz
10946;581;587;0;Utszakasz
10947;581;588;1;Utszakasz
10948;581;588;0;Utszakasz
10949;581;589;1;Alagut
10950;581;589;0;Utszakasz
10951;581;590;1;Hid
10952;581;590;0;Utszakasz
10953;582;583;1;Alagut
10954;582;583;0;Utszakasz
10955;582;584;1;Alagut
10956;582;584;0;Utszakasz
10957;582;585;1;Utszakasz
10958;582;585;0;Utszakasz
10959;582;586;2;Utszakasz
10960;582;586;0;Utszakasz
10961;582;587;3;Utszakasz
10962;582;587;0;Utszakasz
10963;582;588;2;Utszakasz
10964;582;588;0;Utszakasz
10965;582;589;2;Utszakasz
10966;582;589;0;Utszakasz
10967;582;590;1;Utszakasz
10968;582;590;0;Utszakasz
10969;583;584;1;Utszakasz
10970;583;584;0;Utszakasz
10971;583;585;1;Utszakasz
10972;583;585;0;Utszakasz
10973;583;586;1;Utszakasz
10974;583;586;0;Utszakasz
10975;583;587;1;Utszakasz
10976;583;587;0;Utszakasz
10977;583;588;3;Utszakasz
10978;583;588;0;Utszakasz
10979;583;589;1;Utszakasz
10980;583;589;0;Utszakasz
10981;583;590;1;Utszakasz
10982;583;590;0;Utszakasz
10983;584;585;1;Utszakasz
10984;584;585;0;Utszakasz
10985;584;586;1;Utszakasz
10986;584;586;0;Utszakasz
10987;584;587;2;Utszakasz
10988;584;587;0;Utszakasz
10989;584;588;2;Utszakasz
10990;584;588;0;Utszakasz
10991;584;589;2;Utszakasz
10992;584;589;0;Utszakasz
10993;584;590;1;Hid
10994;584;590;0;Utszakasz
10995;585;586;1;Utszakasz
10996;585;586;0;Utszakasz
10997;585;587;2;Utszakasz
10998;585;587;0;Utszakasz
10999;585;588;1;Utszakasz
11000;585;588;0;Utszakasz
11001;585;589;3;Utszakasz
11002;585;589;0;Utszakasz
11003;585;590;1;Hid
11004;585;590;0;Utszakasz
11005;586;587;1;Utszakasz
11006;586;587;0;Utszakasz
11007;586;588;1;Utszakasz
11008;586;588;0;Utszakasz
11009;586;589;1;Hid
11010;586;589;0;Utszakasz
11011;586;590;1;Utszakasz
11012;586;590;0;Utszakasz
11013;587;588;1;Hid
11014;587;588;0;Utszakasz
11015;587;589;1;Utszakasz
11016;587;589;0;Utszakasz
11017;587;590;1;Utszakasz
11018;587;590;0;Utszakasz
11019;588;589;2;Utszakasz
11020;588;589;0;Utszakasz
11021;588;590;1;Utszakasz
11022;588;590;0;Utszakasz
11023;589;590;1;Utszakasz
11024;589;590;0;Utszakasz
