9885;531;532;1;Utszakasz
9886;531;532;0;Utszakasz
9887;531;533;1;Utszakasz
9888;531;533;0;Utszakasz
9889;531;534;1;Hid
9890;531;534;0;Utszakasz
9891;531;535;2;Utszakasz
9892;531;535;0;Utszakasz
9893;531;536;1;Utszakasz
9894;531;536;0;Utszakasz
9895;531;537;1;Alagut
9896;531;537;0;Utszakasz
9897;531;538;2;Utszakasz
9898;531;538;0;Utszakasz
9899;531;539;1;Hid
9900;531;539;0;Utszakasz
9901;531;540;1;Utszakasz
9902;531;540;0;Utszakasz
9903;531;541;1;Utszakasz
9904;531;541;0;Utszakasz
9905;531;542;1;Utszakasz
9906;531;542;0;Utszakasz
9907;531;543;2;Utszakasz
9908;531;543;0;Utszakasz
9909;531;544;1;Utszakasz
9910;531;544;0;Utszakasz
9911;531;545;1;Utszakasz
9912;531;545;0;Utszakasz
9913;531;546;1;Utszakasz
9914;531;546;0;Utszakasz
9915;531;547;1;Utszakasz
9916;531;547;0;Utszakasz
9917;531;548;3;Utszakasz
9918;531;548;0;Utszakasz
9919;531;549;1;Alagut
9920;531;549;0;Utszakasz
9921;531;550;1;Utszakasz
9922;531;550;0;Utszakasz
9923;532;533;1;Utszakasz
9924;532;533;0;Utszakasz
9925;532;534;2;Utszakasz
9926;532;534;0;Utszakasz
9927;532;535;1;Hid
9928;532;535;0;Utszakasz
9929;532;536;1;Utszakasz
9930;532;536;0;Utszakasz
9931;532;537;1;Utszakasz
9932;532;537;0;Utszakasz
9933;532;538;1;Utszakasz
9934;532;538;0;Utszakasz
9935;532;539;1;Hid
9936;532;539;0;Utszakasz
9937;532;540;1;Hid
9938;532;540;0;Utszakasz
9939;532;541;1;Utszakasz
9940;532;541;0;Utszakasz
9941;532;542;1;Utszakasz
9942;532;542;0;Utszakasz
9943;532;543;1;Utszakasz
9944;532;543;0;Utszakasz
9945;532;544;1;Utszakasz
9946;532;544;0;Utszakasz
9947;532;545;1;Utszakasz
9948;532;545;0;Utszakasz
9949;532;546;2;Utszakasz
9950;532;546;0;Utszakasz
9951;532;547;1;Utszakasz
9952;532;547;0;Utszakasz
9953;532;548;2;Utszakasz
9954;532;548;0;Utszakasz
9955;532;549;2;Utszakasz
9956;532;549;0;Utszakasz
9957;532;550;2;Utszakasz
9958;532;550;0;Utszakasz
9959;533;534;3;Utszakasz
9960;533;534;0;Utszakasz
9961;533;535;1;Utszakasz
9962;533;535;0;Utszakasz
9963;533;536;1;Utszakasz
9964;533;536;0;Utszakasz
9965;533;537;1;Utszakasz
9966;533;537;0;Utszakasz
9967;533;538;1;Alagut
9968;533;538;0;Utszakasz
9969;533;539;1;Utszakasz
9970;533;539;0;Utszakasz
9971;533;540;1;Utszakasz
9972;533;540;0;Utszakasz
9973;533;541;2;Utszakasz
9974;533;541;0;Utszakasz
9975;533;542;1;Utszakasz
9976;533;542;0;Utszakasz
9977;533;543;1;Utszakasz
9978;533;543;0;Utszakasz
9979;533;544;2;Utszakasz
9980;533;544;0;Utszakasz
9981;533;545;2;Utszakasz
9982;533;545;0;Utszakasz
9983;533;546;2;Utszakasz
9984;533;546;0;Utszakasz
9985;533;547;1;Alagut
9986;533;547;0;Utszakasz
9987;533;548;1;Alagut
9988;533;548;0;Utszakasz
9989;533;549;1;Utszakasz
9990;533;549;0;Utszakasz
9991;533;550;1;Hid
9992;533;550;0;Utszakasz
9993;534;535;1;Utszakasz
9994;534;535;0;Utszakasz
9995;534;536;1;Utszakasz
9996;534;536;0;Utszakasz
9997;534;537;3;Utszakasz
9998;534;537;0;Utszakasz
9999;534;538;2;Utszakasz
10000;534;538;0;Utszakasz
10001;534;539;1;Utszakasz
10002;534;539;0;Utszakasz
10003;534;540;1;Utszakasz
10004;534;540;0;Utszakasz
10005;534;541;2;Utszakasz
10006;534;541;0;Utszakasz
10007;534;542;2;Utszakasz
10008;534;542;0;Utszakasz
10009;534;543;2;Utszakasz
10010;534;543;0;Utszakasz
10011;534;544;3;Utszakasz
10012;534;544;0;Utszakasz
10013;534;545;1;Utszakasz
10014;534;545;0;Utszakasz
10015;534;546;1;Utszakasz
10016;534;546;0;Utszakasz
10017;534;547;2;Utszakasz
10018;534;547;0;Utszakasz
10019;534;548;1;Utszakasz
10020;534;548;0;Utszakasz
10021;534;549;3;Utszakasz
10022;534;549;0;Utszakasz
10023;534;550;1;Utszakasz
10024;534;550;0;Utszakasz
10025;535;536;1;Hid
10026;535;536;0;Utszakasz
10027;535;537;2;Utszakasz
10028;535;537;0;Utszakasz
10029;535;538;2;Utszakasz
10030;535;538;0;Utszakasz
10031;535;539;2;Utszakasz
10032;535;539;0;Utszakasz
10033;535;540;3;Utszakasz
10034;535;540;0;Utszakasz
10035;535;541;1;Utszakasz
10036;535;541;0;Utszakasz
10037;535;542;2;Utszakasz
10038;535;542;0;Utszakasz
10039;535;543;3;Utszakasz
10040;535;543;0;Utszakasz
10041;535;544;3;Utszakasz
10042;535;544;0;Utszakasz
10043;535;545;1;Alagut
10044;535;545;0;Utszakasz
10045;535;546;1;Alagut
10046;535;546;0;Utszakasz
10047;535;547;1;Utszakasz
10048;535;547;0;Utszakasz
10049;535;548;1;Utszakasz
10050;535;548;0;Utszakasz
10051;535;549;1;Hid
10052;535;549;0;Utszakasz
10053;535;550;1;Utszakasz
10054;535;550;0;Utszakasz
10055;536;537;2;Utszakasz
10056;536;537;0;Utszakasz
10057;536;538;2;Utszakasz
10058;536;538;0;Utszakasz
10059;536;539;1;Utszakasz
10060;536;539;0;Utszakasz
10061;536;540;2;Utszakasz
10062;536;540;0;Utszakasz
10063;536;541;1;Utszakasz
10064;536;541;0;Utszakasz
10065;536;542;1;Utszakasz
10066;536;542;0;Utszakasz
10067;536;543;1;Utszakasz
10068;536;543;0;Utszakasz
10069;536;544;2;Utszakasz
10070;536;544;0;Utszakasz
10071;536;545;1;Utszakasz
10072;536;545;0;Utszakasz
10073;536;546;1;Utszakasz
10074;536;546;0;Utszakasz
10075;536;547;1;Utszakasz
10076;536;547;0;Utszakasz
10077;536;548;1;Utszakasz
10078;536;548;0;Utszakasz
10079;536;549;1;Utszakasz
10080;536;549;0;Utszakasz
10081;536;550;2;Utszakasz
10082;536;550;0;Utszakasz
10083;537;538;1;Hid
10084;537;538;0;Utszakasz
10085;537;539;1;Utszakasz
10086;537;539;0;Utszakasz
10087;537;540;1;Utszakasz
10088;537;540;0;Utszakasz
10089;537;541;1;Hid
10090;537;541;0;Utszakasz
10091;537;542;1;Alagut
10092;537;542;0;Utszakasz
10093;537;543;1;Utszakasz
10094;537;543;0;Utszakasz
10095;537;544;3;Utszakasz
10096;537;544;0;Utszakasz
10097;537;545;1;Hid
10098;537;545;0;Utszakasz
10099;537;546;1;Alagut
10100;537;546;0;Utszakasz
10101;537;547;3;Utszakasz
10102;537;547;0;Utszakasz
10103;537;548;1;Hid
10104;537;548;0;Utszakasz
10105;537;549;1;Utszakasz
10106;537;549;0;Utszakasz
10107;537;550;3;Utszakasz
10108;537;550;0;Utszakasz
10109;538;539;1;Alagut
10110;538;539;0;Utszakasz
10111;538;540;1;Utszakasz
10112;538;540;0;Utszakasz
10113;538;541;1;Utszakasz
10114;538;541;0;Utszakasz
10115;538;542;1;Utszakasz
10116;538;542;0;Utszakasz
10117;538;543;1;Utszakasz
10118;538;543;0;Utszakasz
10119;538;544;1;Utszakasz
10120;538;544;0;Utszakasz
10121;538;545;1;Utszakasz
10122;538;545;0;Utszakasz
10123;538;546;1;Alagut
10124;538;546;0;Utszakasz
10125;538;547;1;Utszakasz
10126;538;547;0;Utszakasz
10127;538;548;3;Utszakasz
10128;538;548;0;Utszakasz
10129;538;549;1;Utszakasz
10130;538;549;0;Utszakasz
10131;538;550;1;Hid
10132;538;550;0;Utszakasz
10133;539;540;1;Alagut
10134;539;540;0;Utszakasz
10135;539;541;1;Utszakasz
10136;539;541;0;Utszakasz
10137;539;542;1;Utszakasz
10138;539;542;0;Utszakasz
10139;539;543;2;Utszakasz
10140;539;543;0;Utszakasz
10141;539;544;1;Utszakasz
10142;539;544;0;Utszakasz
10143;539;545;3;Utszakasz
10144;539;545;0;Utszakasz
10145;539;546;1;Hid
10146;539;546;0;Utszakasz
10147;539;547;1;Utszakasz
10148;539;547;0;Utszakasz
10149;539;548;2;Utszakasz
10150;539;548;0;Utszakasz
10151;539;549;1;Utszakasz
10152;539;549;0;Utszakasz
10153;539;550;1;Utszakasz
10154;539;550;0;Utszakasz
10155;540;541;1;Utszakasz
10156;540;541;0;Utszakasz
10157;540;542;1;Utszakasz
10158;540;542;0;Utszakasz
10159;540;543;1;Alagut
10160;540;543;0;Utszakasz
10161;540;544;1;Utszakasz
10162;540;544;0;Utszakasz
10163;540;545;1;Utszakasz
10164;540;545;0;Utszakasz
10165;540;546;1;Utszakasz
10166;540;546;0;Utszakasz
10167;540;547;1;Alagut
10168;540;547;0;Utszakasz
10169;540;548;1;Utszakasz
10170;540;548;0;Utszakasz
10171;540;549;2;Utszakasz
10172;540;549;0;Utszakasz
10173;540;550;1;Utszakasz
10174;540;550;0;Utszakasz
10175;541;542;1;Hid
10176;541;542;0;Utszakasz
10177;541;543;1;Utszakasz
10178;541;543;0;Utszakasz
10179;541;544;1;Hid
10180;541;544;0;Utszakasz
10181;541;545;1;Utszakasz
10182;541;545;0;Utszakasz
10183;541;546;2;Utszakasz
10184;541;546;0;Utszakasz
10185;541;547;3;Utszakasz
10186;541;547;0;Utszakasz
10187;541;548;1;Utszakasz
10188;541;548;0;Utszakasz
10189;541;549;1;Hid
10190;541;549;0;Utszakasz
10191;541;550;2;Utszakasz
10192;541;550;0;Utszakasz
10193;542;543;1;Utszakasz
10194;542;543;0;Utszakasz
10195;542;544;1;Utszakasz
10196;542;544;0;Utszakasz
10197;542;545;1;Alagut
10198;542;545;0;Utszakasz
10199;542;546;1;Hid
10200;542;546;0;Utszakasz
10201;542;547;1;Utszakasz
10202;542;547;0;Utszakasz
10203;542;548;3;Utszakasz
10204;542;548;0;Utszakasz
10205;542;549;1;Hid
10206;542;549;0;Utszakasz
10207;542;550;1;Utszakasz
10208;542;550;0;Utszakasz
10209;543;544;1;Utszakasz
10210;543;544;0;Utszakasz
10211;543;545;1;Hid
10212;543;545;0;Utszakasz
10213;543;546;1;Alagut
10214;543;546;0;Utszakasz
10215;543;547;1;Alagut
10216;543;547;0;Utszakasz
10217;543;548;1;Hid
10218;543;548;0;Utszakasz
10219;543;549;2;Utszakasz
10220;543;549;0;Utszakasz
10221;543;550;1;Alagut
10222;543;550;0;Utszakasz
10223;544;545;3;Utszakasz
10224;544;545;0;Utszakasz
10225;544;546;2;Utszakasz
10226;544;546;0;Utszakasz
10227;544;547;1;Alagut
10228;544;547;0;Utszakasz
10229;544;548;3;Utszakasz
10230;544;548;0;Utszakasz
10231;544;549;1;Utszakasz
10232;544;549;0;Utszakasz
10233;544;550;1;Alagut
10234;544;550;0;Utszakasz
10235;545;546;1;Hid
10236;545;546;0;Utszakasz
10237;545;547;1;Utszakasz
10238;545;547;0;Utszakasz
10239;545;548;2;Utszakasz
10240;545;548;0;Utszakasz
10241;545;549;1;Utszakasz
10242;545;549;0;Utszakasz
10243;545;550;2;Utszakasz
10244;545;550;0;Utszakasz
10245;546;547;3;Utszakasz
10246;546;547;0;Utszakasz
10247;546;548;3;Utszakasz
10248;546;548;0;Utszakasz
10249;546;549;3;Utszakasz
10250;546;549;0;Utszakasz
10251;546;550;1;Utszakasz
10252;546;550;0;Utszakasz
10253;547;548;1;Utszakasz
10254;547;548;0;Utszakasz
10255;547;549;1;Utszakasz
10256;547;549;0;Utszakasz
10257;547;550;1;Utszakasz
10258;547;550;0;Utszakasz
10259;548;549;1;Hid
10260;548;549;0;Utszakasz
10261;548;550;1;Utszakasz
10262;548;550;0;Utszakasz
10263;549;550;1;Utszakasz
10264;549;550;0;Utszakasz
